0.000  0.015
0.020  0.015
0.040  0.015
0.060  0.015
0.080  0.015
0.100  0.015
0.120  0.015
0.140  0.015
0.160  0.015
0.180  0.015
0.200  0.015
0.220  0.015
0.240  0.015
0.260  0.015
0.280  0.015
0.300  0.015
0.320  0.015
0.340  0.015
0.360  0.015
0.380  0.015
0.400  0.015
0.420  0.015
0.440  0.015
0.460  0.015
0.480  0.015
0.500  0.015
0.520  0.015
0.540  0.015
0.560  0.015
0.580  0.015
0.600  0.015
0.620  0.015
0.640  0.015
0.660  0.015
0.680  0.015
0.700  0.015
0.720  0.015
0.740  0.015
0.760  0.015
0.780  0.015
0.800  0.015
0.820  0.015
0.840  0.015
0.860  0.015
0.880  0.015
0.900  0.015
0.920  0.015
0.940  0.015
0.960  0.015
0.980  0.015
1.000  0.015
1.020  0.015
1.040  0.015
1.060  0.015
1.080  0.015
1.100  0.015
1.120  0.015
1.140  0.015
1.160  0.015
1.180  0.015
1.200  0.015
1.220  0.015
1.240  0.015
1.260  0.015
1.280  0.015
1.300  0.015
1.320  0.015
1.340  0.015
1.360  0.015
1.380  0.015
1.400  0.015
1.420  0.015
1.440  0.015
1.460  0.015
1.480  0.015
1.500  0.015
1.520  0.015
1.540  0.015
1.560  0.015
1.580  0.015
1.600  0.015
1.620  0.015
1.640  0.015
1.660  0.015
1.680  0.015
1.700  0.015
1.720  0.015
1.740  0.015
1.760  0.015
1.780  0.015
1.800  0.015
1.820  0.015
1.840  0.015
1.860  0.015
1.880  0.015
1.900  0.015
1.920  0.015
1.940  0.015
1.960  0.015
1.980  0.015
2.000  0.015
2.020  0.015
2.040  0.015
2.060  0.015
2.080  0.015
2.100  0.015
2.120  0.015
2.140  0.015
2.160  0.015
2.180  0.015
2.200  0.015
2.220  0.015
2.240  0.015
2.260  0.015
2.280  0.015
2.300  0.015
2.320  0.015
2.340  0.015
2.360  0.015
2.380  0.015
2.400  0.015
2.420  0.015
2.440  0.015
2.460  0.015
2.480  0.015
2.500  0.015
2.520  0.015
2.540  0.015
2.560  0.015
2.580  0.015
2.600  0.015
2.620  0.015
2.640  0.015
2.660  0.015
2.680  0.015
2.700  0.015
2.720  0.015
2.740  0.015
2.760  0.015
2.780  0.015
2.800  0.015
2.820  0.015
2.840  0.015
2.860  0.015
2.880  0.015
2.900  0.015
2.920  0.015
2.940  0.015
2.960  0.015
2.980  0.015
3.000  0.015
3.020  0.015
3.040  0.015
3.060  0.015
3.080  0.015
3.100  0.015
3.120  0.015
3.140  0.015
3.160  0.015
3.180  0.015
3.200  0.015
3.220  0.015
3.240  0.015
3.260  0.015
3.280  0.015
3.300  0.015
3.320  0.015
3.340  0.015
3.360  0.015
3.380  0.015
3.400  0.015
3.420  0.015
3.440  0.015
3.460  0.015
3.480  0.015
3.500  0.015
3.520  0.015
3.540  0.015
3.560  0.015
3.580  0.015
3.600  0.015
3.620  0.015
3.640  0.015
3.660  0.015
3.680  0.015
3.700  0.015
3.720  0.015
3.740  0.015
3.760  0.015
3.780  0.015
3.800  0.015
3.820  0.015
3.840  0.015
3.860  0.015
3.880  0.015
3.900  0.015
3.920  0.015
3.940  0.015
3.960  0.015
3.980  0.015
4.000  0.015
4.020  0.015
4.040  0.015
4.060  0.015
4.080  0.015
4.100  0.015
4.120  0.015
4.140  0.015
4.160  0.015
4.180  0.015
4.200  0.015
4.220  0.015
4.240  0.015
4.260  0.015
4.280  0.015
4.300  0.015
4.320  0.015
4.340  0.015
4.360  0.015
4.380  0.015
4.400  0.015
4.420  0.015
4.440  0.015
4.460  0.015
4.480  0.015
4.500  0.015
4.520  0.015
4.540  0.015
4.560  0.015
4.580  0.015
4.600  0.015
4.620  0.015
4.640  0.015
4.660  0.015
4.680  0.015
4.700  0.015
4.720  0.015
4.740  0.015
4.760  0.015
4.780  0.015
4.800  0.015
4.820  0.015
4.840  0.015
4.860  0.015
4.880  0.015
4.900  0.015
4.920  0.015
4.940  0.015
4.960  0.015
4.980  0.015
5.000  0.015
5.020  0.015
5.040  0.015
5.060  0.015
5.080  0.015
5.100  0.015
5.120  0.015
5.140  0.015
5.160  0.015
5.180  0.015
5.200  0.015
5.220  0.015
5.240  0.015
5.260  0.015
5.280  0.015
5.300  0.015
5.320  0.015
5.340  0.015
5.360  0.015
5.380  0.015
5.400  0.015
5.420  0.015
5.440  0.015
5.460  0.015
5.480  0.015
5.500  0.015
5.520  0.015
5.540  0.015
5.560  0.015
5.580  0.015
5.600  0.015
5.620  0.015
5.640  0.015
5.660  0.015
5.680  0.015
5.700  0.015
5.720  0.015
5.740  0.015
5.760  0.015
5.780  0.015
5.800  0.015
5.820  0.015
5.840  0.015
5.860  0.015
5.880  0.015
5.900  0.015
5.920  0.015
5.940  0.015
5.960  0.015
5.980  0.015
6.000  0.015
6.020  0.015
6.040  0.015
6.060  0.015
6.080  0.015
6.100  0.015
6.120  0.015
6.140  0.015
6.160  0.015
6.180  0.015
6.200  0.015
6.220  0.015
6.240  0.015
6.260  0.015
6.280  0.015
6.300  0.015
6.320  0.015
6.340  0.015
6.360  0.015
6.380  0.015
6.400  0.015
6.420  0.015
6.440  0.015
6.460  0.015
6.480  0.015
6.500  0.015
6.520  0.015
6.540  0.015
6.560  0.015
6.580  0.015
6.600  0.015
6.620  0.015
6.640  0.015
6.660  0.015
6.680  0.015
6.700  0.015
6.720  0.015
6.740  0.015
6.760  0.015
6.780  0.015
6.800  0.015
6.820  0.015
6.840  0.015
6.860  0.015
6.880  0.015
6.900  0.015
6.920  0.015
6.940  0.015
6.960  0.015
6.980  0.015
7.000  0.015
7.020  0.015
7.040  0.015
7.060  0.015
7.080  0.015
7.100  0.015
7.120  0.015
7.140  0.015
7.160  0.015
7.180  0.015
7.200  0.015
7.220  0.015
7.240  0.015
7.260  0.015
7.280  0.015
7.300  0.015
7.320  0.015
7.340  0.015
7.360  0.015
7.380  0.015
7.400  0.015
7.420  0.015
7.440  0.015
7.460  0.015
7.480  0.015
7.500  0.015
7.520  0.015
7.540  0.015
7.560  0.015
7.580  0.015
7.600  0.015
7.620  0.015
7.640  0.015
7.660  0.015
7.680  0.015
7.700  0.015
7.720  0.015
7.740  0.015
7.760  0.015
7.780  0.015
7.800  0.015
7.820  0.015
7.840  0.015
7.860  0.015
7.880  0.015
7.900  0.015
7.920  0.015
7.940  0.015
7.960  0.015
7.980  0.015
8.000  0.015
8.020  0.015
8.040  0.015
8.060  0.015
8.080  0.015
8.100  0.015
8.120  0.015
8.140  0.015
8.160  0.015
8.180  0.015
8.200  0.015
8.220  0.015
8.240  0.015
8.260  0.015
8.280  0.015
8.300  0.015
8.320  0.015
8.340  0.015
8.360  0.015
8.380  0.015
8.400  0.015
8.420  0.015
8.440  0.015
8.460  0.015
8.480  0.015
8.500  0.015
8.520  0.015
8.540  0.015
8.560  0.015
8.580  0.015
8.600  0.015
8.620  0.015
8.640  0.015
8.660  0.015
8.680  0.015
8.700  0.015
8.720  0.015
8.740  0.015
8.760  0.015
8.780  0.015
8.800  0.015
8.820  0.015
8.840  0.015
8.860  0.015
8.880  0.015
8.900  0.015
8.920  0.015
8.940  0.015
8.960  0.015
8.980  0.015
9.000  0.015
9.020  0.015
9.040  0.015
9.060  0.015
9.080  0.015
9.100  0.015
9.120  0.015
9.140  0.015
9.160  0.015
9.180  0.015
9.200  0.015
9.220  0.015
9.240  0.015
9.260  0.015
9.280  0.015
9.300  0.015
9.320  0.015
9.340  0.015
9.360  0.015
9.380  0.015
9.400  0.015
9.420  0.015
9.440  0.015
9.460  0.015
9.480  0.015
9.500  0.015
9.520  0.015
9.540  0.015
9.560  0.015
9.580  0.015
9.600  0.015
9.620  0.015
9.640  0.015
9.660  0.015
9.680  0.015
9.700  0.015
9.720  0.015
9.740  0.015
9.760  0.015
9.780  0.015
9.800  0.015
9.820  0.015
9.840  0.015
9.860  0.015
9.880  0.015
9.900  0.015
9.920  0.015
9.940  0.015
9.960  0.015
9.980  0.015

