0.000  0.004
0.100  0.004
0.200  0.004
0.300  0.004
0.400  0.004
0.500  0.004
0.600  0.004
0.700  0.004
0.800  0.004
0.900  0.004
1.000  0.004
1.100  0.004
1.200  0.004
1.300  0.004
1.400  0.004
1.500  0.005
1.600  0.005
1.700  0.005
1.800  0.005
1.900  0.005
2.000  0.005
2.100  0.005
2.200  0.005
2.300  0.005
2.400  0.005
2.500  0.005
2.600  0.005
2.700  0.005
2.800  0.005
2.900  0.005
3.000  0.005
3.100  0.005
3.200  0.005
3.300  0.005
3.400  0.005

0.000  0.003
0.100  0.003
0.200  0.003
0.300  0.003
0.400  0.003
0.500  0.003
0.600  0.003
0.700  0.004
0.800  0.003
0.900  0.003
1.000  0.003
1.100  0.003
1.200  0.004
1.300  0.004
1.400  0.004
1.500  0.004
1.600  0.004
1.700  0.004
1.800  0.004
1.900  0.003
2.000  0.004
2.100  0.004
2.200  0.004
2.300  0.004
2.400  0.004
2.500  0.004
2.600  0.004
2.700  0.004
2.800  0.004
2.900  0.004
3.000  0.004
3.100  0.004
3.200  0.004
3.300  0.004
3.400  0.005

