#Renumbering the help files

2.1 2.1
2.2 2.2
2.2a 2.3
2.2b 2.4
2.3 2.5
2.3a 2.6
2.3b 2.7
2.4 2.8
2.5 2.9
2.6 2.10
2.7 2.11
2.8 2.12
2.9 2.13
2.10 2.14
2.11 2.15
2.12 2.16
2.13 2.17
2.14 2.18
2.15 2.19
2.16 2.20
2.17 2.21

3.0 3.1
3.1 3.2
3.2 3.3
3.3 3.4
3.4 3.5
3.5 3.6
3.14 3.7
3.6 3.8
3.7 3.9
3.8 3.10
3.9 3.11
3.10 3.12
3.11 3.13
3.12 3.14
3.13 3.15

4.01 4.1
4.02 4.2
4.1 4.3
4.2 4.4
4.3 4.5
4.5 4.6
4.6 4.7
4.7 4.8

5.1 5.1
5.2 5.2
5.3 5.3

6.1 6.1
6.2 6.2
6.3 6.3
6.4 6.4
6.10 6.5


6.5 7.1
6.6 7.2
6.7 7.3

6.90 8.1
6.91 8.2
6.92 8.3
6.93 8.4

