$ 1 0.000005 0.2954511527092107 53 15 45 5e-11
d 208 160 208 256 2 1N5711
d 208 256 288 256 2 1N5711
w 288 256 288 160 0
c 208 160 288 160 0 0.00009999999999999999 -4.259561155269589 0.001
c 208 256 208 336 0 0.00009999999999999999 2.111674276899504 0.001
d 288 160 368 160 2 1N5712
c 368 160 368 336 0 0.00009999999999999999 6.174064856255467 0.001
w 368 160 432 160 0
r 432 160 432 336 0 1000
g 208 336 208 352 0 0
g 368 336 368 352 0 0
g 432 336 432 352 0 0
R 208 160 160 160 0 1 3751 3 0 0 0.5
g 800 336 800 352 0 0
g 736 336 736 352 0 0
g 576 336 576 352 0 0
r 800 160 800 336 0 1000
w 736 160 800 160 0
c 736 160 736 336 0 0.00009999999999999999 -6.896368865765497 0.001
d 736 160 656 160 2 default
c 576 256 576 336 0 0.00009999999999999999 -2.3080113695440976 0.001
c 576 160 656 160 0 0.00009999999999999999 4.587704564416513 0.001
w 656 256 656 160 0
d 656 256 576 256 2 default
d 576 256 576 160 2 default
w 576 160 576 96 0
w 576 96 208 96 0
w 208 96 208 160 0
x 434 158 521 161 4 24 \pV\sOut
x 800 158 874 161 4 24 -V\sOut
o 12 1 0 4099 5 0.8 0 2 12 3
o 8 1 0 4099 10 0.00625 1 2 8 3
o 16 1 0 4099 10 0.0125 2 2 16 3
38 12 F1 3 4 5000 -1 Frequency
