$ 1 0.000005 25.510281670702206 62 5 50 5e-11
R 16 240 -64 240 0 0 40 4.1 0 0 0.5
R -16 160 -64 160 0 1 200 3 0 0 0.5
x -90 267 -44 270 4 24 PV1
x -85 127 -43 130 4 24 WG
x -31 155 0 158 4 24 A1
x 97 152 128 155 4 24 A2
c -16 160 64 160 0 0.000001 -6.505232515896156 0
r 96 160 96 240 0 10000
g 96 240 96 272 0 0
d 64 240 64 160 2 1N4148
w 64 240 16 240 0
w 96 160 64 160 0
368 96 160 144 160 0 0
o 1 64 0 x87112 2.99999999999996 0.0001 0 2 5 0 1 3 0.000390625 0 Input\sWaveform\sWG(\sMonitored\son\sA1)
o 12 64 0 xa1112 20 12.8 1 2 5 0 12 3 5 0 Output\s(Monitored\son\sA2)
38 0 F1 0 -5 5 -1 Voltage\sPV1
38 1 F1 3 20 2000 -1 Frequency\s(WG)
