$ 1 0.000005 11.558428452718767 65 5 50 5e-11
R -48 272 -96 272 0 1 79.4 3 0 0 0.5
x -117 239 -75 242 4 24 WG
x -63 267 -32 270 4 24 A1
x 65 264 96 267 4 24 A3
w 64 272 16 272 0
368 64 272 64 208 0 0
x -63 363 -32 366 4 24 A2
x -117 335 -59 338 4 24 WGB
R -48 368 -96 368 0 1 79.4 3 0 3.141592653589793 0.5
d -48 272 16 272 2 1N4148
d -48 368 16 368 2 1N4148
w 16 368 16 272 0
r 64 272 64 368 0 3763
g 64 368 64 400 0 0
c 112 320 96 384 0 0.0000030699999999999994 1.8681212486460388 0.001
g 96 384 96 400 0 0
w 112 272 64 272 0
s 112 272 112 320 0 0 false
x 114 343 148 346 4 14 Filter
x 26 350 59 353 4 14 Load
o 0 64 0 x87112 2.99999999999996 0.0001 0 4 1 0 0 3 0.000390625 0 8 0 1 0 8 3 0.000025 0 Inputs\sWG(A1),\sWGB(A2)
o 5 64 0 4098 5 3.2 1 2 5 3 Output(A3)
38 0 F1 3 20 2000 -1 Frequency\s(WG)
38 14 F1 0 1.0000000000000001e-7 0.000009999999999999999 -1 Filter\sCapacitance
38 12 F1 0 100 10000 -1 Load\sResistance
38 8 F1 3 20 2000 0 \0

