$ 1 0.000005 3.7524723159601 70 5 50 5e-11
R -32 288 -80 288 0 1 237.8 3 0 0 0.5
x -101 255 -59 258 4 24 WG
x -57 283 -26 286 4 24 A1
w 80 288 32 288 0
368 80 288 80 224 0 0
x 83 284 114 287 4 24 A2
d -32 288 32 288 2 1N4148
r 80 288 80 384 0 10000
g 80 384 80 416 0 0
c 128 336 112 400 0 0.000001 1.8973084269419347 0
g 112 400 112 416 0 0
w 128 288 80 288 0
s 128 288 128 336 0 0 false
x 130 359 164 362 4 14 Filter
x 42 366 75 369 4 14 Load
o 0 32 0 x87112 2.99999999999996 0.0001 0 2 1 0 0 3 0.000390625 0 Input\sWG(A1)
o 4 32 0 x81012 2.5 3.2 1 2 1 0 4 3 1 0 Output(A2)
38 0 F1 3 20 2000 -1 Frequency\s(WG)
38 9 F1 0 1.0000000000000001e-7 0.000009999999999999999 -1 Filter\sCapacitance
